[
  {
    "date": "2025-09-07",
    "portfolio_value": 20,
    "stock_value": 10,
    "crypto_value": 10,
    "cash_value": 0,
    "market_prices": {
      "ABX": 39.37,
      "DOGE": 0.32,
      "AVAX": 34.35,
      "DOT": 5.59,
      "ENA": 1.03,
      "WLD": 1.57
    }
  },
  {
    "date": "2025-09-08",
    "portfolio_value": 20.76712776,
    "stock_value": 10.149840000000001,
    "crypto_value": 10.61193776,
    "cash_value": 0.005349999999999966,
    "market_prices": {
      "ABX": 39.96,
      "DOGE": 0.329072,
      "AVAX": 35.16,
      "DOT": 5.58,
      "ENA": 1.068,
      "WLD": 2.08
    }
  }
]